Memory:
----0----
(0,0) : 290341444919459839
(0,1) : 3
(0,2) : 5191102247248822272
(0,3) : 290341444919459839
(0,4) : 1
(0,5) : 4614641490650431487
(0,6) : 290341444919459839
(0,7) : 2
(0,8) : 1226245742482522112
(0,9) : 51
(0,10) : 4617174765440827393
(0,11) : 4617174756850892802
(0,12) : 4612389708016353277
(0,13) : 5201798300658860031
(0,14) : 4612389712311320575
(0,15) : 5193354055652442112
(0,16) : 5193354042767540224
(0,17) : 5198983563776327680
(0,18) : 2
(0,19) : 145944781866893309
(0,20) : 4
(0,21) : 74168662805676031
(0,22) : 12
(0,23) : 5188287510366552064
(0,24) : 4611826758063128575
(0,25) : 5198420613823234044
(0,26) : 1
(0,27) : 5198420613822971904
(0,28) : 1
(0,29) : 5198420613822971904
(0,30) : 1
(0,31) : 145944781866893309
(0,32) : 3618502788666131213697322783095070105623107215331596699973092056135872020473
(0,33) : 5199828010181623815
(0,34) : 4611826758063128575
(0,35) : 5193354055652442112
(0,36) : 5191102285903527936
(0,37) : 5198420613822971904
(0,38) : 1
(0,39) : 145944781866893309
(0,40) : 4
(0,41) : 74168662805676031
(0,42) : 12
(0,43) : 5188287510366552064
(0,44) : 4611826758063128575
(0,45) : 5198420613823234044
(0,46) : 1
(0,47) : 5198420613822971904
(0,48) : 1
(0,49) : 5198420613822971904
(0,50) : 1
(0,51) : 145944781866893309
(0,52) : 3618502788666131213697322783095070105623107215331596699973092056135872020473
(0,53) : 4617174778325729280
(0,54) : 5191102260133724160
(0,55) : 5191102264428691456
(0,56) : 5191102268723658752
(0,57) : 74168662805676031
(0,58) : 0
(0,59) : 5191102230068953088
(0,60) : 5191102234363920384
(0,61) : 5189976364521848832
(0,62) : 0
(0,63) : 1226245742482522112
(0,64) : 20
(0,65) : 145944781866893309
(0,66) : 10
(0,67) : 5193354038472572928
(0,68) : 5193354038472572928
(0,69) : 5191102238658887680
(0,70) : 5189976364521848832
(0,71) : 0
(0,72) : 5191102242953854976
(0,73) : 5191102247248822272
(0,74) : 2345108766317314046
(0,75) : 5193354038472572928
(0,76) : 5193354038472572928
(0,77) : 5191102238658887680
(0,78) : 5189976364521848832
(0,79) : 1
(0,80) : 5193354034177605632
(0,81) : 5193354034177605632
(0,82) : 2345108766317314046
(0,83) : 722405534170316800
(0,84) : 7
(0,85) : 5198983563776393216
(0,86) : 340282366920938463463374607431768210886
(0,87) : 4612389708016353279
(0,88) : 74168662805676031
(0,89) : 66
(0,90) : 5198702088799944700
(0,91) : 570
(0,92) : 4612389708016353279
(0,93) : 5198983563776327680
(0,94) : 1
(0,95) : 146226256843603965
(0,96) : 11
(0,97) : 5193354055652442112
(0,98) : 5193354047062507520
(0,99) : 5189976364521848832
(0,100) : 0
(0,101) : 5189976364521848832
(0,102) : 0
(0,103) : 5189976364521848832
(0,104) : 0
(0,105) : 2345108766317314046
(0,106) : 722405534170316800
(0,107) : 7
(0,108) : 5198420613823037440
(0,109) : 340282366920938463463374607431768209986
(0,110) : 4611826758063063039
(0,111) : 74168662805676031
(0,112) : 29
(0,113) : 5198420613823234045
(0,114) : 1470
(0,115) : 4611826758063063039
(0,116) : 5198420613823037440
(0,117) : 1
(0,118) : 5193354051357474816
(0,119) : 5198702088799944701
(0,120) : 1
(0,121) : 1226245742482522112
(0,122) : 3618502788666131213697322783095070105623107215331596699973092056135872020443
(0,123) : 145944781866893309
(0,124) : 10
(0,125) : 5193354038472572928
(0,126) : 5193354038472572928
(0,127) : 5189976364521848832
(0,128) : 0
(0,129) : 5189976364521848832
(0,130) : 0
(0,131) : 5199546496549879808
(0,132) : 2345108766317314046
(0,133) : 5193354038472572928
(0,134) : 5193354038472572928
(0,135) : 5189976364521848832
(0,136) : 1
(0,137) : 5193354038472572928
(0,138) : 5193354038472572928
(0,139) : 2345108766317314046
(0,140) : 290341444919459839
(0,141) : 1
(0,142) : 5189976364521848832
(0,143) : 375233589013918064796019
(0,144) : 4611826758063128575
(0,145) : 5198420613822906368
(0,146) : 1
(0,147) : 5193354029882638336
(0,148) : 5189976364521848832
(0,149) : 1
(0,150) : 5193354038472572928
(0,151) : 5198420613822840832
(0,152) : 1
(0,153) : 2345108766317314046
(0,154) : 290341444919459839
(0,155) : 1
(0,156) : 5189976364521848832
(0,157) : 375233589013918064796019
(0,158) : 4611826758063128575
(0,159) : 5198983563776327680
(0,160) : 1
(0,161) : 5191102242953854976
(0,162) : 5189976364521848832
(0,163) : 1
(0,164) : 5193354038472572928
(0,165) : 5198420613822840832
(0,166) : 1
(0,167) : 2345108766317314046
(0,168) : 2345108766317314046
----1----
(1,0) : 2:0
(1,1) : 0
(1,2) : 4:0
(1,3) : 11:0
(1,4) : 12:0
(1,7) : 5:0
(1,8) : 4:0
(1,9) : 0
(1,10) : 9999999999999
(1,11) : 13:0
(1,12) : 13:3
(1,13) : 0:10
(1,14) : 5:0
(1,15) : 4:0
(1,16) : 0
(1,17) : 1:14
(1,18) : 0:65
(1,19) : 1
----2----
----3----
----4----
----5----
----6----
----7----
----8----
----9----
----10----
----11----
----12----
----13----
(13,0) : 1555
(13,1) : 2555
(13,2) : 3

